track1,truthhits,x,0.,2.1678,3.2679,5.7270,7.9272,18.9347,22.1276,26.3525,28.3757,35.9110
track1,truthhits,y,0.,-2.5540,-3.8501,-6.7472,-9.3393,-22.3076,-26.0693,-31.0468,-33.4304,-42.3081
track1,truthhits,z,0.,-10.6934,-16.1199,-28.2498,-39.1028,-93.4000,-109.1500,-129.9900,-139.9700,-177.1400
track2,truthhits,x,0.,-2.1535,-3.2464,-5.6892,-7.8748,-19.2210,-23.8495,-28.4779,-33.0421
track2,truthhits,y,0.,2.5661,3.8683,6.7791,9.3835,22.9033,28.4185,33.9337,39.3723
track2,truthhits,z,0.,3.5888,5.4099,9.4808,13.1231,32.0312,39.7443,47.4575,55.0636
track1,recohits,x,0.,2.1667,3.2653,5.7189,7.9117,18.8464,22.0071,26.1814,28.1773,35.5931
track1,recohits,y,0.,-2.5550,-3.8523,-6.7540,-9.3524,-22.3823,-26.1712,-31.1912,-33.5978,-42.5759
track1,recohits,z,0.,-10.6934,-16.1199,-28.2498,-39.1028,-93.4000,-109.1500,-129.9900,-139.9700,-177.1400
track2,recohits,x,0.,-2.1548,-3.2492,-5.6978,-7.8914,-19.3194,-24.0009,-28.6937,-33.3324
track2,recohits,y,0.,2.5651,3.8659,6.7718,9.3696,22.8204,28.2908,33.7515,39.1268
track2,recohits,z,0.,3.5888,5.4099,9.4808,13.1231,32.0312,39.7443,47.4575,55.0636
