track1,truthhits,x,0.,3.1799,4.7936,9.7112,10.8832,29.6593,35.4157,41.9423,45.5455
track1,truthhits,y,0.,1.0538,1.5886,3.2182,3.6066,9.8288,11.7364,13.8992,15.0933
track1,truthhits,z,0.,-18.9922,-28.6300,-58.0000,-65.0000,-177.1400,-211.5200,-250.5000,-272.0200
track2,truthhits,x,0.,-2.9260,-4.4108,-7.7299,-10.3328,-12.1071,-27.1346,-29.2179,-36.9769,-44.1535
track2,truthhits,y,0.,-1.6313,-2.4591,-4.3095,-5.7607,-6.7499,-15.1279,-16.2893,-20.6151,-24.6161
track2,truthhits,z,0.,-14.0171,-21.1303,-37.0304,-49.5000,-58.0000,-129.9900,-139.9700,-177.1400,-211.5200
track1,recohits,x,0.,3.1802,4.7942,9.7137,10.8864,29.6826,35.4489,41.9888,45.6003
track1,recohits,y,0.,1.0530,1.5867,3.2106,3.5971,9.7582,11.6357,13.7580,14.9268
track1,recohits,z,0.,-18.9922,-28.6300,-58.0000,-65.0000,-177.1400,-211.5200,-250.5000,-272.0200
track2,recohits,x,0.,-2.9257,-4.4101,-7.7276,-10.3287,-12.1015,-27.1061,-29.1849,-36.9239,-44.0780
track2,recohits,y,0.,-1.6319,-2.4604,-4.3136,-5.7681,-6.7600,-15.1789,-16.3484,-20.7097,-24.7510
track2,recohits,z,0.,-14.0171,-21.1303,-37.0304,-49.5000,-58.0000,-129.9900,-139.9700,-177.1400,-211.5200