track1,truthhits,x,0.,-1.0989,-1.6565,-2.9030,-4.0182,-9.8077,-12.1694,-14.5312,-16.7496,-18.3230
track1,truthhits,y,0.,3.1647,4.7706,8.3603,11.5722,28.2457,35.0473,41.8490,48.2381,52.7692
track1,truthhits,z,0.,5.6013,8.4438,14.7976,20.4825,49.9941,62.0328,74.0715,85.3800,93.4000
track2,truthhits,x,0.,-0.1949,-0.2938,-0.5148,-0.7126,-1.7393,-2.1581,-2.5770,-2.9900
track2,truthhits,y,0.,-3.3443,-5.0414,-8.8350,-12.2293,-29.8494,-37.0372,-44.2250,-51.3130
track2,truthhits,z,0.,1.5518,2.3393,4.0995,5.6745,13.8504,17.1856,20.5208,23.8097
track1,recohits,x,0.,-1.0995,-1.6581,-2.9078,-4.0275,-9.8628,-12.2542,-14.6520,-16.9102,-18.5151
track1,recohits,y,0.,3.1644,4.7700,8.3587,11.5690,28.2265,35.0178,41.8068,48.1820,52.7021
track1,recohits,z,0.,5.6013,8.4438,14.7976,20.4825,49.9941,62.0328,74.0715,85.3800,93.4000
track2,recohits,x,0.,-0.1957,-0.2957,-0.5206,-0.7237,-1.8055,-2.2601,-2.7223,-3.1857
track2,recohits,y,0.,-3.3443,-5.0413,-8.8347,-12.2286,-29.8454,-37.0311,-44.2163,-51.3012
track2,recohits,z,0.,1.5518,2.3393,4.0995,5.6745,13.8504,17.1856,20.5208,23.8097