track1,truthhits,x,0.,3.1820,4.7968,10.5720,11.8480,32.2884,38.5551,45.6602,49.5828
track1,truthhits,y,0.,1.0474,1.5790,3.4800,3.9000,10.6284,12.6912,15.0300,16.3212
track1,truthhits,z,0.,-17.4572,-26.3161,-58.0000,-65.0000,-177.1400,-211.5200,-250.5000,-272.0200
track2,truthhits,x,0.,-1.3605,-2.0509,-3.5942,-4.8470,-5.6793,-12.7285,-13.7057,-17.3453,-20.7118
track2,truthhits,y,0.,-3.0613,-4.6148,-8.0873,-10.9063,-12.7791,-28.6406,-30.8395,-39.0292,-46.6041
track2,truthhits,z,0.,-13.8942,-20.9449,-36.7055,-49.5000,-58.0000,-129.9900,-139.9700,-177.1400,-211.5200
track1,recohits,x,0.,3.1823,4.7973,10.5744,11.8509,32.3104,38.5865,45.7041,49.6345
track1,recohits,y,0.,1.0468,1.5775,3.4728,3.8910,10.5613,12.5956,14.8959,16.1630
track1,recohits,z,0.,-17.4572,-26.3161,-58.0000,-65.0000,-177.1400,-211.5200,-250.5000,-272.0200
track2,recohits,x,0.,-1.3599,-2.0494,-3.5897,-4.8388,-5.6681,-12.6721,-13.6403,-17.2406,-20.5624
track2,recohits,y,0.,-3.0616,-4.6154,-8.0893,-10.9100,-12.7841,-28.6657,-30.8685,-39.0755,-46.6702
track2,recohits,z,0.,-13.8942,-20.9449,-36.7055,-49.5000,-58.0000,-129.9900,-139.9700,-177.1400,-211.5200