track1,truthhits,x,0.,-2.9767,-4.4872,-7.8638,-10.8849,-26.5680,-32.9657,-39.3634,-45.6721
track1,truthhits,y,0.,-1.5368,-2.3167,-4.0600,-5.6197,-13.7168,-17.0198,-20.3228,-23.5800
track1,truthhits,z,0.,4.6530,7.0142,12.2923,17.0147,41.5298,51.5303,61.5308,71.3924
track2,truthhits,x,0.,3.3481,5.0471,8.8449,12.0541,14.1239,31.6547,34.0850,43.1365,51.5086
track2,truthhits,y,0.,-0.1139,-0.1717,-0.3008,-0.4100,-0.4804,-1.0767,-1.1593,-1.4672,-1.7520
track2,truthhits,z,0.,13.7488,20.7259,36.3215,49.5000,58.0000,129.9900,139.9700,177.1400,211.5200
track1,recohits,x,0.,-2.9764,-4.4867,-7.8621,-10.8817,-26.5487,-32.9359,-39.3209,-45.6150
track1,recohits,y,0.,-1.5373,-2.3178,-4.0632,-5.6260,-13.7541,-17.0773,-20.4048,-23.6904
track1,recohits,z,0.,4.6530,7.0142,12.2923,17.0147,41.5298,51.5303,61.5308,71.3924
track2,recohits,x,0.,3.3480,5.0470,8.8446,12.0535,14.1232,31.6509,34.0806,43.1293,51.4981
track2,recohits,y,0.,-0.1151,-0.1744,-0.3092,-0.4254,-0.5016,-1.1832,-1.2829,-1.6651,-2.0341
track2,recohits,z,0.,13.7488,20.7259,36.3215,49.5000,58.0000,129.9900,139.9700,177.1400,211.5200

