track1,truthhits,x,0.,-0.2851,-0.4298,-0.9155,-1.0727,-1.2022,-2.4041,-2.5887,-3.2762,-3.9120,-4.6329
track1,truthhits,y,0.,3.3378,5.0317,10.7187,12.5593,14.0751,28.1480,30.3090,38.3578,45.8024,54.2431
track1,truthhits,z,0.,15.4145,23.2368,49.5000,58.0000,65.0000,129.9900,139.9700,177.1400,211.5200,250.5000
track2,truthhits,x,0.,0.3571,0.5383,0.9434,1.3058,3.1871,3.9546,4.7221,5.4789
track2,truthhits,y,0.,-3.3309,-5.0212,-8.7996,-12.1802,-29.7297,-36.8886,-44.0476,-51.1072
track2,truthhits,z,0.,2.8724,4.3301,7.5883,10.5036,25.6374,31.8109,37.9845,44.0723
track1,recohits,x,0.,-0.2861,-0.4320,-0.9258,-1.0868,-1.2199,-2.4752,-2.6711,-3.4081,-4.1001,-4.8967
track1,recohits,y,0.,3.3378,5.0315,10.7178,12.5581,14.0735,28.1418,30.3019,38.3462,45.7860,54.2199
track1,recohits,z,0.,15.4145,23.2368,49.5000,58.0000,65.0000,129.9900,139.9700,177.1400,211.5200,250.5000
track2,recohits,x,0.,0.3562,0.5363,0.9371,1.2938,3.1161,3.8452,4.5661,5.2689
track2,recohits,y,0.,-3.3310,-5.0214,-8.8002,-12.1815,-29.7372,-36.9002,-44.0641,-51.1292
track2,recohits,z,0.,2.8724,4.3301,7.5883,10.5036,25.6374,31.8109,37.9845,44.0723